G_pari = [18668221711733108055679994189866283558518097186992023477834107252899454133562047403753023632856156533721611003331194205104, -1285818182917319610831881209889809821802106935774760016152924715553558123193316694659859735405192824921654663641323904976, -133910371608516174188909003461828140917691776404126032822584777936392852826357197838468235767247792762207477469877464512, 16511716395450205847406153548523512043586921365927400039374212660824802800173701891794997697515313785925606154260692658384, 14375097166396137936774567388587229847187529634107066514250232212268925196354566636297873363249680702765650703904937981952, 886446158599179065968472777966296948975871122537478046304274494397909746224157289537381838362486537798985468390792997776, 15588726579165976078485880977848694076254110299094306474291929129434781753356893996038444906536578534608888945119613817840, 16259589950922913068618490747902170212851577637595409660688606991049845871650556527311813248181460368966220201901577900208, 837334385979061928026118861208231969908190464619836872507202793387583412378619752236364460324852698532506081884118916112, 15565551777513154117502253431323580381656334556955062367135260857947853913186050056109914022703497611939263380291076685008, 885137916320042817265478548729998601301954375485828964797155429249108537531171742358482820607680756015699055200755944224, 17272334600561481303269814971158523803244437118788864748675056608282161795030911282952882964360030738966429175339065207136, 14460109529975495820134212931950419047720797300148391800313880393270400223900653309094904092399517438186627884802354738080, 880590729809493431590043397356570977991447879185577122000579756013701158067925661339560466248249169495580479951554513744, 15451728133753579987083147078202346187095328422618404698643555072346471879075705947873774492164828380580755871936322297680, 15438218464472911295328081021266082228311746414836043485738283701351070450652214862635957097121803810515237774938465217776; -1285818182917319610831881209889809821802106935774760016152924715553558123193316694659859735405192824921654663641323904976, 18668221711733108055679994189866283558518097186992023477834107252899454133562047403753023632856156533721611003331194205104, 1944185064342877149520031958710391508404243836381219975942898835994825559716515846457206800329159898284718564751405082352, 1930675395062208457764965901774127549620661828598858763037627464999424131293024761219389405286135328219200467753548002448, 16501812799006295013258069582619902758724542372031686339680602781332194852300805047753603431202714539304375859738315786384, 2922293998840292624713900048026054688995192951068871661367302144075495786468077399998259805051446270613328454887515562048, 110068928254307141578298008817949933471553132428398713006125929063734215337819426140280933090932969833527164350805092992, 16497265612495745627582634431246475135414035875731434496884027108096787472837558966734681076843282952784257284489114355904, 1816851751302634327345859548652893355059655694262201094545921679398042097182680652983249874747466096860692959398793615120, 16545069142836726516821994118768241766807799786597426589173979743958312597990110956856799437126111010267450257805751384016, 1122813577892875376229622232074303523864412613621853800992575546296050138718174181781350649269503339833736137788292399920, 1793676949649812366362232002127779660461879952122956987389253407911114257011836713054718990914385174191067394570256482288, 16495957370216609378879640202010176787740119128679785415376908042947986264144573419555782059088477171000970871299077302352, 3007306362419650508073545591389243889528460617110196947430950325076970814014164072795290534201283006034305635784932318176, 870687133365582597441959431452961693129068885289863422306969876521093210195028817298166199935649922874350185429177641744, 17516313900424304619037021983438301877633682027621389494503767315282288863195087906931632133218211501562163817159747764640; -133910371608516174188909003461828140917691776404126032822584777936392852826357197838468235767247792762207477469877464512, 1944185064342877149520031958710391508404243836381219975942898835994825559716515846457206800329159898284718564751405082352, 202475394966958833262690109789167217737513246460736083804391385227629141628331494356006979258955396910422441823145705360, 201068442679522696369219476569442171498542806461744612647742853377801314482745667028426269543047696792444899850246571136, 1718566367692432238909916939196974335224209552011203368130484633309671973223192358600985796112908113091816491436688179328, 304339665228706165460960426074958151111882853448713959432930863146569311428383178324889025344455094162508612799561829056, 11463028973228590975397542128125900374188053577255613257495529984637199808474804838783294048123645280398346737329735424, 1718092805066323338620267905515173277465968298969797287409753532953980117014045251711470685932400952747746658223186691984, 189214382256222528146086558772882471187468438124783994487527076052960821618712270537643429905342795996513327431658798352, 1723071260494318596181509336686239114999480968868774752090340463168193019926107502329459560795887701789525116201899362112, 116934404459569494750461003055072841415736471712307502906193397284086876175023871977215634681552846138361664056039114960, 186800863500217664352961811488866555314849900769784916898126173859781436568394535786625142080764032164672280920604897792, 1717956559357497200439729649601857468099744601147891538418419934414852229379273023338723684266674614038937041963934895824, 313193200938087337063584852886133059274167410042019285649644022192971549015820219462050560283876797218085299021401596320, 90676923948302923420661207855750526850912781365454505416645133295615252718644826239364323378618324759790635715495162720, 1824220667260593004250661361672481835263569396977591826699989391877256286809924177367381378208682201662854593837771090992; 16511716395450205847406153548523512043586921365927400039374212660824802800173701891794997697515313785925606154260692658384, 1930675395062208457764965901774127549620661828598858763037627464999424131293024761219389405286135328219200467753548002448, 201068442679522696369219476569442171498542806461744612647742853377801314482745667028426269543047696792444899850246571136, 15110920687282055693353092513132498803181672319365212538570011458941594357827148804579505166504176817539467943750126289952, 15602871410426271402901161396752786420488702388788501585409980185747350334175799851632570469723838357909701329409625921152, 1276670741074149723010387490379486958654778306640412646933702816965932808721201636327955595258451034934201813578681714144, 13983427841004740513503791665050580840679805110724094874612290421227745758672718782739217614462355242693986998669418277952, 17290354545983589691799235683382699304650923984011817522800172713934993184163521588077145591761252091657963836444672763568, 1050137927274760694118649240380895055805286589621865007720027627182901440555418306044835504776045605252339358938951890384, 16676489890639599983479971943176542502961308445462970346870566240560092931556591863094101011377051693606389171305534699808, 978360205468833987224039883069511754754752537126974334443448483239052862337684312382793495583702542079304630050303061808, 15769703179783545324266687474159793228009125082998396379590988991347431288650337967989969035545636105303257016410994776656, 15678063362782773694038555511049789878986941796739596443393015146216940686812273760918980418497705101589947974738534699728, 1285462755716636598206622961343702981922246674362441388641372216643497914012895178209730987125855259548244075015276312560, 13986293774603014144778547725502314654961678139756372317493637196241391601354339758545741696719007652523976810747194030480, 16722794021726356253260657702904826752571943915914619364708171201061409477295212830635012861618155333382086170448208205712; 14375097166396137936774567388587229847187529634107066514250232212268925196354566636297873363249680702765650703904937981952, 16501812799006295013258069582619902758724542372031686339680602781332194852300805047753603431202714539304375859738315786384, 1718566367692432238909916939196974335224209552011203368130484633309671973223192358600985796112908113091816491436688179328, 15602871410426271402901161396752786420488702388788501585409980185747350334175799851632570469723838357909701329409625921152, 27537146462234523398088463984370371368954150079383219041536652701423447304572790171519786213687314721791312046281191324512, 3491283501063977652509472591952556476103102849489725083196331875494220643639183398935353295445245286957400025903834931536, 13118268928833132346926572951266393236747138401755055875631580060161488321775657867888648381819064435020667452388437612960, 29106182096266970227734847477298937831034927517310400489975662774797410638704944900637794338393118845570407750496224033232, 2409555972820168507238625469758747307232261695427507392251953893337186738761858704520611357865324238884373935531839700048, 28571751643596545435449280185075174361454664390048522469654563837167832819611289302395198511101860044660285180334514967264, 1796059508624337235085335149223453565143088852212141272424717102669239167811683733034313266324484456158639902271781482384, 16108914797080324351830798834128753491568905159159355240715518575222409674161157887598650167262633282559152275625616158080, 27602608561713992932176296585635433887490117968577537620131951523775691957000435113386585778516973781633061082512153984112, 3566430353884239497889055087945251061631133555423557448408938548918556791885376642353098512715992882516168937138083933312, 13719980930606655243068140482253195994626735485974935440160367084420391031201540209246820678776801387473464016644289420064, 29379828473606159311765098868844702297699687356203678196460164957735658890781033254894788790174359933765600775383127746816; 886446158599179065968472777966296948975871122537478046304274494397909746224157289537381838362486537798985468390792997776, 2922293998840292624713900048026054688995192951068871661367302144075495786468077399998259805051446270613328454887515562048, 304339665228706165460960426074958151111882853448713959432930863146569311428383178324889025344455094162508612799561829056, 1276670741074149723010387490379486958654778306640412646933702816965932808721201636327955595258451034934201813578681714144, 3491283501063977652509472591952556476103102849489725083196331875494220643639183398935353295445245286957400025903834931536, 521131052366756495557986370831650546227344432968660617567290629360293782493152738234057836925437078126692054741873806528, 930299101224956931384497191765291656809315714871688280665665995848498626618162604741627356584661090541015950049039951888, 3600878961045599141411881637558847965336123981811430231033311015039452939397206648522989122855694956952735542694888140256, 340754137134263402525028167085700150575086342261877768179533514151381333391384915496968389363839656819120610593515610416, 3567923091855680695556963681056607841558741456278580587884509796582114476513971876738274432744910479193330345369172187424, 232110495525556272734387682865984571513882921798107144778660646584871138689097313181206346159068169388406148105519346704, 1299202369972920091006969045991396628578338734200291292871842425907275482635377815503367677866943013215462993889554395408, 3495320247803544976521253771571760505592935489729478051796557732356595925361435119702543311490098227850330141984455662112, 534438753751031672826032440420652919549110036045134473872693168647977441037298118870750627478511347975348442147208775600, 1044411729709831079549808886744501923750422675819687348652751658866119288037781797440234959110188795857455276002602598720, 3716422024062607915790979520345645738584256614777147302969682514829825055181349064255626763118695316928739877960715837808; 15588726579165976078485880977848694076254110299094306474291929129434781753356893996038444906536578534608888945119613817840, 110068928254307141578298008817949933471553132428398713006125929063734215337819426140280933090932969833527164350805092992, 11463028973228590975397542128125900374188053577255613257495529984637199808474804838783294048123645280398346737329735424, 13983427841004740513503791665050580840679805110724094874612290421227745758672718782739217614462355242693986998669418277952, 13118268928833132346926572951266393236747138401755055875631580060161488321775657867888648381819064435020667452388437612960, 930299101224956931384497191765291656809315714871688280665665995848498626618162604741627356584661090541015950049039951888, 13092645562290751413215859225673009692649508622350801624431363591185859607623605936421329079633545113778248026615377010096, 14699877526711407345050604086346826811491847471957151275804947852864601594324668503535207396793350818582405395464561102624, 818641380322904571233874671648602616156122644624783754425518482049652997499490470893010054784302465708668829110420111440, 14120327343097046839274393330406308533920621569060703137495404107707479226900954931951708055452463916719874903012755399856, 814549290615893206256999165327529758672138910583187969264039860047518872978054711073995107649230031483172305793455467008, 14613184307046330623094364143567990204113957315637036180657414534818021856849115683613421864534059167466591005682573292176, 13189257719953731620388775206665689000332938092116646772498320845932385918637856548146451874080521709245565180081664746416, 930800339098174621862340849588264895382496584543307574082738640119805594200499625725899212437749544931541821452781300576, 13026106896691414239159747010528797644527205319994842764477203924021720325878324737154307772371698495600866503867173026656, 14075321678186139909086017842906947197553961272315396161075867174299864698372949309346612417146363431084577303109496190784; 16259589950922913068618490747902170212851577637595409660688606991049845871650556527311813248181460368966220201901577900208, 16497265612495745627582634431246475135414035875731434496884027108096787472837558966734681076843282952784257284489114355904, 1718092805066323338620267905515173277465968298969797287409753532953980117014045251711470685932400952747746658223186691984, 17290354545983589691799235683382699304650923984011817522800172713934993184163521588077145591761252091657963836444672763568, 29106182096266970227734847477298937831034927517310400489975662774797410638704944900637794338393118845570407750496224033232, 3600878961045599141411881637558847965336123981811430231033311015039452939397206648522989122855694956952735542694888140256, 14699877526711407345050604086346826811491847471957151275804947852864601594324668503535207396793350818582405395464561102624, 30866295160587336986851437086601209162766610414246110146662169955075623068573660476221926717292589317676249314956819018336, 2506718805551695349005744519682883518964752534640227051727520522836620183751529691564066470983739590295799093017884497632, 30261803941006542637499948295502180539762237339003666522621904656029485322614074562095519147054859556615813305280546602800, 1893391394470224277148211697330082010929037838677885756926636784758420762969831304805910985746202106114795271096059771712, 17872609346614268682393945357809531097212088992387326939538618900695636248771456782941763593046461848791233682713728812288, 29180225901504743278253140036022278281808432361518601594679718107258098950484978117692059027769878682726569711217903042992, 3676005106640562981253823357164966307496630359400232576066516208214752463644427543029330796896832535839090825019219970160, 15292823978375078378254045611920517509812782855927559689604242456561459275359073153414900717806996749684975494426754657088, 31063515275143867215620463226955154822194797925062057717358513438372287513772980717404971395144384062366328063165203753232; 837334385979061928026118861208231969908190464619836872507202793387583412378619752236364460324852698532506081884118916112, 1816851751302634327345859548652893355059655694262201094545921679398042097182680652983249874747466096860692959398793615120, 189214382256222528146086558772882471187468438124783994487527076052960821618712270537643429905342795996513327431658798352, 1050137927274760694118649240380895055805286589621865007720027627182901440555418306044835504776045605252339358938951890384, 2409555972820168507238625469758747307232261695427507392251953893337186738761858704520611357865324238884373935531839700048, 340754137134263402525028167085700150575086342261877768179533514151381333391384915496968389363839656819120610593515610416, 818641380322904571233874671648602616156122644624783754425518482049652997499490470893010054784302465708668829110420111440, 2506718805551695349005744519682883518964752534640227051727520522836620183751529691564066470983739590295799093017884497632, 226680555960246961557972138617203554538300528640003116103072245177993282453015732642497219503938636776549452025660938464, 2475588790237336918012014486842256736539381050603563176525785493672404736522818751513759478477647029519097982445082433696, 159134514869580196670801526214660516464469984558860332102395029668477487687259473268639157102435030258534860172766877920, 1075717972958459874582192753600789849162804296420035917250473521994588767767541914992596550897271207670657834825249020256, 2413369071697905260246569264925381528555523541554268847266057630894334453383037592422247124403296466174215463373776158832, 349027815475808740788621623729167080510438542791807582776853316352338280517218023563336051721783597983457657974173730160, 888284237408881933680830902740028234721571409818749511511850587521491509651165615299328243647921374854781590574206570208, 2566982705041653876222364791298801072480775067773718776023150877895385822597249258930335331306294391660213070203284275504; 15565551777513154117502253431323580381656334556955062367135260857947853913186050056109914022703497611939263380291076685008, 16545069142836726516821994118768241766807799786597426589173979743958312597990110956856799437126111010267450257805751384016, 1723071260494318596181509336686239114999480968868774752090340463168193019926107502329459560795887701789525116201899362112, 16676489890639599983479971943176542502961308445462970346870566240560092931556591863094101011377051693606389171305534699808, 28571751643596545435449280185075174361454664390048522469654563837167832819611289302395198511101860044660285180334514967264, 3567923091855680695556963681056607841558741456278580587884509796582114476513971876738274432744910479193330345369172187424, 14120327343097046839274393330406308533920621569060703137495404107707479226900954931951708055452463916719874903012755399856, 30261803941006542637499948295502180539762237339003666522621904656029485322614074562095519147054859556615813305280546602800, 2475588790237336918012014486842256736539381050603563176525785493672404736522818751513759478477647029519097982445082433696, 29683115339028431340510241278847900378034588713310454105359188374298534284067876340389596344261228463590064048839576476256, 1860484162482917287128866890626060319163273364865871850464127025596153350439575210484285605788604890752035244724020310544, 17230466793252501985493943235073780754894593556654567523436704025457303539980938061680997674986399583472966357736829269632, 28642634900044672346166902891185170661068156612208017016817197477584142311875311238928040205779515470613520325412035119616, 3643266927767616191530236048643436849784324032841243494630359501642233201282648033435848023242537619021061009985414000736, 14718367057112227023271777340175077611061837738648095161617428103264841020264852665997161861804205113314246375021539298576, 30489560609871742187139211153616141252165050721700179007676453619900694625904714634885618325173039312680715878246959249536; 885137916320042817265478548729998601301954375485828964797155429249108537531171742358482820607680756015699055200755944224, 1122813577892875376229622232074303523864412613621853800992575546296050138718174181781350649269503339833736137788292399920, 116934404459569494750461003055072841415736471712307502906193397284086876175023871977215634681552846138361664056039114960, 978360205468833987224039883069511754754752537126974334443448483239052862337684312382793495583702542079304630050303061808, 1796059508624337235085335149223453565143088852212141272424717102669239167811683733034313266324484456158639902271781482384, 232110495525556272734387682865984571513882921798107144778660646584871138689097313181206346159068169388406148105519346704, 814549290615893206256999165327529758672138910583187969264039860047518872978054711073995107649230031483172305793455467008, 1893391394470224277148211697330082010929037838677885756926636784758420762969831304805910985746202106114795271096059771712, 159134514869580196670801526214660516464469984558860332102395029668477487687259473268639157102435030258534860172766877920, 1860484162482917287128866890626060319163273364865871850464127025596153350439575210484285605788604890752035244724020310544, 117391091381596484145412688256865939667363890026948754879266831474148400334890906315265862145030091775207021555175106368, 1009033513504042318481525880484484926932551029542128854296623769911244301879301005496315027043023409989424478983190535936, 1800090297819045644224609592370798452531426897312763289151465352111206082954317883127180949318946244389856812405627924576, 237223625077455471197311286896107350289222500279330401834558756741449266298919140726151013817907699349816379842018609040, 855914249684093580123217013889361836609707778593241486178063563655924928946140859202591958836987073362592407419480446880, 1915769606544880556784245731070912035145783228100386110079170450440706086373232527232565591247672943074670763930707418288; 17272334600561481303269814971158523803244437118788864748675056608282161795030911282952882964360030738966429175339065207136, 1793676949649812366362232002127779660461879952122956987389253407911114257011836713054718990914385174191067394570256482288, 186800863500217664352961811488866555314849900769784916898126173859781436568394535786625142080764032164672280920604897792, 15769703179783545324266687474159793228009125082998396379590988991347431288650337967989969035545636105303257016410994776656, 16108914797080324351830798834128753491568905159159355240715518575222409674161157887598650167262633282559152275625616158080, 1299202369972920091006969045991396628578338734200291292871842425907275482635377815503367677866943013215462993889554395408, 14613184307046330623094364143567990204113957315637036180657414534818021856849115683613421864534059167466591005682573292176, 17872609346614268682393945357809531097212088992387326939538618900695636248771456782941763593046461848791233682713728812288, 1075717972958459874582192753600789849162804296420035917250473521994588767767541914992596550897271207670657834825249020256, 17230466793252501985493943235073780754894593556654567523436704025457303539980938061680997674986399583472966357736829269632, 1009033513504042318481525880484484926932551029542128854296623769911244301879301005496315027043023409989424478983190535936, 16459861605081761862783727212292669146630162261739918173197618548880619690971640510250205195280449522493328487054279788688, 16187570493996778910334171339059243482544568712177160309058399373568369145968675911213587668445144195286198596680053081488, 1307370513641993066525982953345564094541383466528124757765055082753644325163034179844773542641085106108137458654505534048, 14607047600703619877964719188039244711178538987109657808264760311596794879248740125732432466935322041706676946564499306544, 17267199886450161285276321560165865996593953064511983406201491488119480544961064152227646684760627452915383829365123807008; 14460109529975495820134212931950419047720797300148391800313880393270400223900653309094904092399517438186627884802354738080, 16495957370216609378879640202010176787740119128679785415376908042947986264144573419555782059088477171000970871299077302352, 1717956559357497200439729649601857468099744601147891538418419934414852229379273023338723684266674614038937041963934895824, 15678063362782773694038555511049789878986941796739596443393015146216940686812273760918980418497705101589947974738534699728, 27602608561713992932176296585635433887490117968577537620131951523775691957000435113386585778516973781633061082512153984112, 3495320247803544976521253771571760505592935489729478051796557732356595925361435119702543311490098227850330141984455662112, 13189257719953731620388775206665689000332938092116646772498320845932385918637856548146451874080521709245565180081664746416, 29180225901504743278253140036022278281808432361518601594679718107258098950484978117692059027769878682726569711217903042992, 2413369071697905260246569264925381528555523541554268847266057630894334453383037592422247124403296466174215463373776158832, 28642634900044672346166902891185170661068156612208017016817197477584142311875311238928040205779515470613520325412035119616, 1800090297819045644224609592370798452531426897312763289151465352111206082954317883127180949318946244389856812405627924576, 16187570493996778910334171339059243482544568712177160309058399373568369145968675911213587668445144195286198596680053081488, 27668457795119390003889466678799894743717196788190488125586502427105274737846144777349102344999498878901976887564997287136, 3570440435853649901490688754706019705651947272179149444956285318111487083029038443534562652480844654074972218362013203632, 13790345850753840616853121174042443200908111540942331060212651127360092365299701711964254643944996529976993947665873093744, 29450131872686450389143690604786990619086247222299797232003405241306523092583451258356836612270537597827596281619466251648; 880590729809493431590043397356570977991447879185577122000579756013701158067925661339560466248249169495580479951554513744, 3007306362419650508073545591389243889528460617110196947430950325076970814014164072795290534201283006034305635784932318176, 313193200938087337063584852886133059274167410042019285649644022192971549015820219462050560283876797218085299021401596320, 1285462755716636598206622961343702981922246674362441388641372216643497914012895178209730987125855259548244075015276312560, 3566430353884239497889055087945251061631133555423557448408938548918556791885376642353098512715992882516168937138083933312, 534438753751031672826032440420652919549110036045134473872693168647977441037298118870750627478511347975348442147208775600, 930800339098174621862340849588264895382496584543307574082738640119805594200499625725899212437749544931541821452781300576, 3676005106640562981253823357164966307496630359400232576066516208214752463644427543029330796896832535839090825019219970160, 349027815475808740788621623729167080510438542791807582776853316352338280517218023563336051721783597983457657974173730160, 3643266927767616191530236048643436849784324032841243494630359501642233201282648033435848023242537619021061009985414000736, 237223625077455471197311286896107350289222500279330401834558756741449266298919140726151013817907699349816379842018609040, 1307370513641993066525982953345564094541383466528124757765055082753644325163034179844773542641085106108137458654505534048, 3570440435853649901490688754706019705651947272179149444956285318111487083029038443534562652480844654074972218362013203632, 548133589061234387719416001909053630561986569540240257037347788912999227999508221603160419684451655251171598374424388096, 1048376712143001037393630935200961694801027690558016852429670141013795374791162932753034367371921419294780823131872092240, 3796188767187215203242382972694225835257565988329883494441700656341911238415123444117098232000528183099191519891647393408; 15451728133753579987083147078202346187095328422618404698643555072346471879075705947873774492164828380580755871936322297680, 870687133365582597441959431452961693129068885289863422306969876521093210195028817298166199935649922874350185429177641744, 90676923948302923420661207855750526850912781365454505416645133295615252718644826239364323378618324759790635715495162720, 13986293774603014144778547725502314654961678139756372317493637196241391601354339758545741696719007652523976810747194030480, 13719980930606655243068140482253195994626735485974935440160367084420391031201540209246820678776801387473464016644289420064, 1044411729709831079549808886744501923750422675819687348652751658866119288037781797440234959110188795857455276002602598720, 13026106896691414239159747010528797644527205319994842764477203924021720325878324737154307772371698495600866503867173026656, 15292823978375078378254045611920517509812782855927559689604242456561459275359073153414900717806996749684975494426754657088, 888284237408881933680830902740028234721571409818749511511850587521491509651165615299328243647921374854781590574206570208, 14718367057112227023271777340175077611061837738648095161617428103264841020264852665997161861804205113314246375021539298576, 855914249684093580123217013889361836609707778593241486178063563655924928946140859202591958836987073362592407419480446880, 14607047600703619877964719188039244711178538987109657808264760311596794879248740125732432466935322041706676946564499306544, 13790345850753840616853121174042443200908111540942331060212651127360092365299701711964254643944996529976993947665873093744, 1048376712143001037393630935200961694801027690558016852429670141013795374791162932753034367371921419294780823131872092240, 12990944163888803972707079572490167090198486432747221857108696281984932515631156916737058755803206006849767379101385568544, 14713209017064324305563203030976186684236388054392918790477953744186933696863321783581628397081613894725039869934218892720; 15438218464472911295328081021266082228311746414836043485738283701351070450652214862635957097121803810515237774938465217776, 17516313900424304619037021983438301877633682027621389494503767315282288863195087906931632133218211501562163817159747764640, 1824220667260593004250661361672481835263569396977591826699989391877256286809924177367381378208682201662854593837771090992, 16722794021726356253260657702904826752571943915914619364708171201061409477295212830635012861618155333382086170448208205712, 29379828473606159311765098868844702297699687356203678196460164957735658890781033254894788790174359933765600775383127746816, 3716422024062607915790979520345645738584256614777147302969682514829825055181349064255626763118695316928739877960715837808, 14075321678186139909086017842906947197553961272315396161075867174299864698372949309346612417146363431084577303109496190784, 31063515275143867215620463226955154822194797925062057717358513438372287513772980717404971395144384062366328063165203753232, 2566982705041653876222364791298801072480775067773718776023150877895385822597249258930335331306294391660213070203284275504, 30489560609871742187139211153616141252165050721700179007676453619900694625904714634885618325173039312680715878246959249536, 1915769606544880556784245731070912035145783228100386110079170450440706086373232527232565591247672943074670763930707418288, 17267199886450161285276321560165865996593953064511983406201491488119480544961064152227646684760627452915383829365123807008, 29450131872686450389143690604786990619086247222299797232003405241306523092583451258356836612270537597827596281619466251648, 3796188767187215203242382972694225835257565988329883494441700656341911238415123444117098232000528183099191519891647393408, 14713209017064324305563203030976186684236388054392918790477953744186933696863321783581628397081613894725039869934218892720, 31346733067129813772296670159244987956196389628941075120926128343802555748585475615304857645037058603465312946639831069936];